Data,
314523, 165538, 76255, 335416,416827,
410523, 230296, 368303,75145,
21631, 183296, 131834, 163541, 9372, 394318,367833,
33692, 13402, 336776, 89487,393382,
372742, 97455,239629,
103549, 216214, 125129, 83276, 283893, 312471, 112324, 341717, 331976, 361191, 77213, 176163, 353203, 224066, 127551, 215590, 406587, 147854, 338919, 252097, 438223, 113271, 197997, 166053, 43828, 90421, 42762, 337469, 377738,277415,
370366, 80930,277884,
19681, 334768, 121576,241145,
283755,
357626, 275226, 336342, 99203, 193976, 115256, 338304,433675,
130762, 364560, 255325, 279577, 42385, 351855, 24177, 407027, 55747, 217095, 143977,101806,
216096, 445244, 352578, 153292, 174235, 395447, 234012, 204506, 291580, 412529, 112412, 137431, 352207, 35059, 27512, 157031, 146757, 382325,337231,
55377, 354758, 390846, 413764, 395447, 286264, 317914, 276114,135919,
147222, 320222, 13297, 156490, 283757, 274918, 58376, 248535,144542,
402976,
66329, 413645,13966,
269082,352505,
170787, 367232,174225,
151694,14123,
